 14330461         0         0         0         0         0         0         0         0         0         0         0         0         0         0         0         0         0         0         0         0         0         0         0         0         0         0         0         0         0         0         0         0         0         0         0         0         0         0         0         0         0         0         0         0 
        0    624851     16293      2019       165       188        11        84        47      1877       179        69      6080      3559        47       624      2643      1196       879       566      6596      1170        92       132       168        39      1009        33      1173       183       104         3       220         0         0         0         0        35         1        26        41        14         9        17       173 
        0     34574  14163591     31397      2643       443       959      2828       567     28696     14850      9953    267616      4427       465     15855     11406      6262    130804     14171    439710     85162       592     16940     15786     10992      9710      2496      9227     10657      1466       345      1586         0         0      1500       222       368       349       801      1372       816         8       313      2301 
        0      5346     69643   2043166      3525      1017      2063      6936      1748     21156      3438      2892     93930      4096       338      2102      3361      1236     25142       691     36581     13626       149      3894      4388      2063      5970      2440      1830      4276       211       288       812        22         0       815       680       109        55       324       355       562         9       200       427 
        0       316      2785      1857    188262        37        18       340       187     13610       194       259     16909       990       437       391       578       277      5657       989      3261      3016       394      3871      3491      1604      1781       308       832      3074         2        29       195        18         0        80        50         5         0        28       104        37         8        12       385 
        0       432       829      1780       129    103641        45        86        90       972        80        80       291        75         0         4         0         0       253         0       246       160         0        53        61        18        84       644       172        74       177         0        43         0         0       125        31        37        32       152       361       262        46       231      2819 
        0         8       614      2186        57        35    308902       126        31      2240        10      1838      8200       933        12       127       101       104      4505         1      1520       433         0       793      1004       315      1880        33       174       789       179        16       219         0         0         0       185       140        13        23         1        13         0         0        62 
        1        28      2038      4356       105        60        49    570334      4969      3111        62       527     48532      2230       111       522       705       468     13618       125      9420      7918       585      7270      9923      2830      6483      1815      3835     10190       380       964      3808        63         0       194       898         1        63        38       109      2813         0         5        36 
        0        12       274      2522        50         3         0      5642     88018      1082       117       205      3726       132         0        48        33        32      1697        62       815       807        64       627       796       506       417       345       282      1299        34       111       173         0         0       465        75        31         0        25         1      1400         9        16        26 
        0       324      1342      1746       113        72       204       743       536     39891       503       519     54172      6045       232      2507      4321      1852     14451       660     14195      6375       336      3808      5750      2440      6237      2740      7496      4733       416       202      3351        66         0        90       228       150        10       203       116       288         5        35       462 
        0       265      8216      1647       145        10        30       316       156      1091    264812      3371      2663       141         0        15        66         0      6201         0      2635      3445         0      9328      1619      1450       588       166       102       815        27         0        57         0         0        54        55         0         0        30       168       242         0         5        13 
        0       166     10111      3020       114        82      5024      2366       653      4268     18664    840652     39466       999         6       766      2921       183     40739       509     14527     13686       271     10936     15896      4074      8201      3306      2265      3965      1489       110      1406         0         0       533       318       155         9       283       104       833         1        66       428 
        0       895     77579     19261      3786        26      3174     12284      1876      6384      1146      8806 116551541     33585     11617     88691     66081     11981   1931888     27972   1703095    631116      5674    133297     45904     28772     87483     10983     21656     48686      1955      1155      6115       229         0     25290     18197      1437        76      1335      5991      5865       186       875      1966 
        0       231       300       211        14         0         0       220         0       195        23        15    106530   8011129      4497      1598      4173      1146      4620      3961     18418      6573      1186      2282       749       338      4482         6      1911      2106       568         1      3663         0         0      1274         0       162         2         0       266      1212         1         2         4 
        2         2       331        35        15         0        10        15         0         0         0         4     26090     12777    759854       121       482         0      1302         8      2501       820       396       474        15        22       536        19        56       206        12         0        10         0         0       826         0        94        87         0        60       150         0         1         1 
        1       120      2806      1023        45         0        38       224         0       512         2        29    110451      4611        95   3790780     10415      1488      7937       427     81951     15657       560      3491       979       682      1574       560      1564      5127        77        98        70       266         0       248         9         0         8         0       100        32         0         0         0 
        0       425      3849       322        96         1         1       201         1       205        66       245    112348     16623        70     14860   2570302      7516     16106      3926     85370     16653       364      8689       808       486      2662       379      3869     13347       106        93      1491        10         0       274        54         9         0         0        45        52         0         0         9 
        0       229      1081        94         0         0         0       387        72        68         0         3     75003      3904        18      5550      3707   3611965       451     13496     35363     13874       892      2416       494       446      3203       991      8075      4023        30       128      1050        80         0         2         0         0         0         0         2         5         0         0         7 
        7       200     42257      7106       998        44      1556     11455      5166      3545      1659     12657   1831341      5741       788     21452     21813       959  35157470      1650    924629    586155       275    195466     62195     25775    375631     59960      9313    102068      5007      2152     12934        45         0     42384     20385      2093       657      2570      4671     11286        52       865     10253 
        0       100       766       154         2         0         4        65         0       120         0        29     37666      1149         0      3235      2622     16628      1667    857143     11358     13180       265      1087      1076       962      3612       782       772      1663        35         4        87        33         0         0         0         2         0         0        10         2         0         1        12 
        4       957     94924     10642      1071        17       246      3099       258      2849       844      2304    885189     54471      2367    159796     61242     36551    788186     23610  27659390    301576      1290     42142     11020      8626     36029      5468     10490     35538      1194       201      4010       238         0      2395      1266      1042       285       167      1186      1193        12        54       467 
        1       200     33862      4772       469        91       108      5551       590      1437       568      3051    427992      1353      1605     30859     24220     26038    416972     25518    305130  26671440      9871    154809     51076     46674    138964     36078     77625    175501      2667      3975     12431      2300         0     22589     13666       503        34       163      2400      4128        18       112      1726 
        0        10       180        13         0         0         1        14         0        15         0        26     51098       220        76        69       198       477       325       599       959      5342   3093271     83748       670       396      8468       846     16154     29557         0         0         3       381         0         1         0         0         0         0         1        70         0         0         0 
        2       145      8977      1217       214        52        74      2866       356       525      1765      3082    114313      2079       261      3638      8857      3594    154523      1513     47668    188041     17667  53240305    109501    316865     52162     42965     93074    482641      2399      3381      4288      1865        15      8647      2014        89         1       178      4893      4078         1       144      1428 
        2        55      4813      1033       272        42       438      2410       233       377       427      1919     88642       442         8       858      1389       711    107644       883     18220     92564       606    146962  72069865    484990     71983    110747     18460    849486       473      2001      7673      1102         0      1263     17933        79         5       143       347      5981        56       102      2071 
        2        13      4733       741        62         8       141      1345       202       646       877      1307     56051       178         7       545       772       305     54493       895     15447    116695      1262    423876    875488  31953984     14957     13127      8062    636604        94      1091      3162      1679         0      1718      6806        96         1        79       366      2334         0        60       535 
        1       182      2069      1041        32         9       298      3877       603       903        35       439     46409       466       324      1331       870      1556    555005      2820     23279     49484      7665     51716     50613     13569  18796206    707958     85783    105274      4671     28301    222392      2249         1      9425     44277       512       708       211       167      2022         1        52      3924 
        0         9      1031       496        51        70        52       602        71       324         0       460      4264         9         0       430        58        46    126371        67      6195     19227        12     28017     68555     14385    527611  15253995     21030     59523      2226     14142     54326      6469         0       654     88677       358         5       392        97      2811         0       445     11563 
        0       258      1648       142         3        26        42       762       152       692         1        92     10675       637        88      2253      2456     13629      5544      2262      5856     20922      4097     35879     46247      7042     66116    211197   8090519     96161       259      6136     20616     30776         0        22         0       165         1         1        71       482         0         3       195 
        1       103      4901      2603       263        19       871     24520      4085      1286       406       929    149649      1678       126      4749      8091      7695    183046      2927     34879    206314     35771    751592   2297270    505886    189198    196194    203994  28812959      4320      7609     46648     93255         0      6069     59966       220        12        25      1716      3565         6        71      1995 
        0       136       522        69         0        68        35        38         0        81         0       452      1813       245         0        57       451       118     11510        88      1634      2311         0      1557       563       375      6603      2700       662      1921    731457      1568      5352         0      2007       532        12      1255        15      5440     16926      3432       223       312      5505 
        0        19        63         0         0         0         0       210         0        49         0         0       169         3         0        20         1        26       807         0        71       169         0      1491      1337       276     14024     24415      7873      2989       206   8932490     35625        27     42259         0       789         0         0        97        41       483         0         0       478 
        0        80       180       118         9         0         0      3156       478       406         0       203      4657       101         1       154       164       300     10456       315       995      4275       205      5022     10700      4896    107718    155766     24303     23884      5520    216292  23324548      2657       501      1047     12080         0         0         4        45      2958         0         0       284 
        0         0        12        11         0         0         0        18         0         0         0         7       518         1         0         0        75        56        32        94       281      1371       502     12314     32062     12357      3144      6110     16214     23040         0        50       430      8051         0         0        13         0         0         0         0         1         0         0         0 
        0         0         0         0         0         0         0         0         0         0         0         0         0         0         0         0         0         0         0         0         0         0         0         0         0         0         0         1         0         0         0      3404         8         0   1645107         0         0         0         0         0         0         0         0         0         0 
        0         0       946       161         6         0         0       216         0         7       110        25     13352       183       439       276       116         0     24341        18      2835      7326         1      9920      1094       612      6745      1580        80      5711      1071       136       860         0         0   1327699      2179      1884        55        61       978      8948       275         8        57 
        0         0       168        49         0         5        12       120         0         0        15         7      1172         0         0         1         0         0     38001         0       735      7610         0      2085     19868      3868    169151    527319        30     30869       112       880      6439         0         0      4634   9639066       100         0        91       153      6198         0       305      2743 
        0         5       266        95       119        38        10         4        10        40        19        41      2338        63        45        70         7         0      5967         2      1490       809         0       432       323       139      2832       464        72       501      1127         0      5332         0         0      3873      2799    277115     14664      6456       160        76      2266      1267       638 
        0         0        14         9         0         3         0         0         0       253         0         0        33         0         0         0         0         0        30         1        43        59         0         2         6         0         0         7         2         2         6         0         0         0         0      2011         0       406     59297         1         0         1       997         3         2 
        0         5       525       123        22       203        15         7         2         0         7       257      2130         3         0         0        13         0      6536         0       786       846         0       345       137        31       926       949         1       150     11753      2459      1707         0         0        43        80     10666        48   1084071       109       322       699     19452     79133 
        0        53      1925       408       699       212         0       205         8       133        96        66     24821       310        62        54       413        26      6944        21      1618      8700       121      6004       415       482       872       336       159      2457     24841         0       152         0        86     12777         5        53         2         1   1260132      1818        40       427        52 
        1        10      1011      1052        93       430        17     12848       901      1732       120       839     19288      1302       268       697       294       707     15210       126      7092     12485      4705     10757      5993      2594      7399      7152      3273      6142      2361       463      6974        11       921     10417      3631       859         8        32      9571  12485004      2477        75      1727 
        1        24        28         0         0         0         0        33         0         0         0        46       372         3         3         0         0         0        60         1        88        56         0         9         1         2        28         0         0         1       156         0         0         0       413       110         0      3536       331       313         0      1162    574700         0       152 
        0        29       140        70         3       102         0         2         5        95        13        40       185         2         1         0         0         0       466         1       239        78         0        27        41         2        41       116         0        37       673         7       274         0         0        28         1       369         3      5432       481       181         0    239822     13561 
     3446        59       866       167        14       603        28       207         2         1        36       171      1426         3         0         0         3        13      9751        32      1013      1532         0       790       613       264      3127      5786       164       346      4269      3790      4008        12         0        63      1627      1571         1     32302      2094     28923       195     66127 124834442 
