2016465765        0        0        0        0        0        0        1        0        0        0        0        0        0        2        1        0        0        7        0        4        1        0        2        2        2        1        0        0        1        0        0        0        0        0        0        0        0        0        0        0        1        1        0     3446 
       0   624851    34574     5346      316      432        8       28       12      324      265      166      895      231        2      120      425      229      200      100      957      200       10      145       55       13      182        9      258      103      136       19       80        0        0        0        0        5        0        5       53       10       24       29       59 
       0    16293 14163591    69643     2785      829      614     2038      274     1342     8216    10111    77579      300      331     2806     3849     1081    42257      766    94924    33862      180     8977     4813     4733     2069     1031     1648     4901      522       63      180       12        0      946      168      266       14      525     1925     1011       28      140      866 
       0     2019    31397  2043166     1857     1780     2186     4356     2522     1746     1647     3020    19261      211       35     1023      322       94     7106      154    10642     4772       13     1217     1033      741     1041      496      142     2603       69        0      118       11        0      161       49       95        9      123      408     1052        0       70      167 
       0      165     2643     3525   188262      129       57      105       50      113      145      114     3786       14       15       45       96        0      998        2     1071      469        0      214      272       62       32       51        3      263        0        0        9        0        0        6        0      119        0       22      699       93        0        3       14 
       0      188      443     1017       37   103641       35       60        3       72       10       82       26        0        0        0        1        0       44        0       17       91        0       52       42        8        9       70       26       19       68        0        0        0        0        0        5       38        3      203      212      430        0      102      603 
       0       11      959     2063       18       45   308902       49        0      204       30     5024     3174        0       10       38        1        0     1556        4      246      108        1       74      438      141      298       52       42      871       35        0        0        0        0        0       12       10        0       15        0       17        0        0       28 
       0       84     2828     6936      340       86      126   570334     5642      743      316     2366    12284      220       15      224      201      387    11455       65     3099     5551       14     2866     2410     1345     3877      602      762    24520       38      210     3156       18        0      216      120        4        0        7      205    12848       33        2      207 
       0       47      567     1748      187       90       31     4969    88018      536      156      653     1876        0        0        0        1       72     5166        0      258      590        0      356      233      202      603       71      152     4085        0        0      478        0        0        0        0       10        0        2        8      901        0        5        2 
       0     1877    28696    21156    13610      972     2240     3111     1082    39891     1091     4268     6384      195        0      512      205       68     3545      120     2849     1437       15      525      377      646      903      324      692     1286       81       49      406        0        0        7        0       40      253        0      133     1732        0       95        1 
       0      179    14850     3438      194       80       10       62      117      503   264812    18664     1146       23        0        2       66        0     1659        0      844      568        0     1765      427      877       35        0        1      406        0        0        0        0        0      110       15       19        0        7       96      120        0       13       36 
       0       69     9953     2892      259       80     1838      527      205      519     3371   840652     8806       15        4       29      245        3    12657       29     2304     3051       26     3082     1919     1307      439      460       92      929      452        0      203        7        0       25        7       41        0      257       66      839       46       40      171 
       0     6080   267616    93930    16909      291     8200    48532     3726    54172     2663    39466 116551541   106530    26090   110451   112348    75003  1831341    37666   885189   427992    51098   114313    88642    56051    46409     4264    10675   149649     1813      169     4657      518        0    13352     1172     2338       33     2130    24821    19288      372      185     1426 
       0     3559     4427     4096      990       75      933     2230      132     6045      141      999    33585  8011129    12777     4611    16623     3904     5741     1149    54471     1353      220     2079      442      178      466        9      637     1678      245        3      101        1        0      183        0       63        0        3      310     1302        3        2        3 
       0       47      465      338      437        0       12      111        0      232        0        6    11617     4497   759854       95       70       18      788        0     2367     1605       76      261        8        7      324        0       88      126        0        0        1        0        0      439        0       45        0        0       62      268        3        1        0 
       0      624    15855     2102      391        4      127      522       48     2507       15      766    88691     1598      121  3790780    14860     5550    21452     3235   159796    30859       69     3638      858      545     1331      430     2253     4749       57       20      154        0        0      276        1       70        0        0       54      697        0        0        0 
       0     2643    11406     3361      578        0      101      705       33     4321       66     2921    66081     4173      482    10415  2570302     3707    21813     2622    61242    24220      198     8857     1389      772      870       58     2456     8091      451        1      164       75        0      116        0        7        0       13      413      294        0        0        3 
       0     1196     6262     1236      277        0      104      468       32     1852        0      183    11981     1146        0     1488     7516  3611965      959    16628    36551    26038      477     3594      711      305     1556       46    13629     7695      118       26      300       56        0        0        0        0        0        0       26      707        0        0       13 
       0      879   130804    25142     5657      253     4505    13618     1697    14451     6201    40739  1931888     4620     1302     7937    16106      451 35157470     1667   788186   416972      325   154523   107644    54493   555005   126371     5544   183046    11510      807    10456       32        0    24341    38001     5967       30     6536     6944    15210       60      466     9751 
       0      566    14171      691      989        0        1      125       62      660        0      509    27972     3961        8      427     3926    13496     1650   857143    23610    25518      599     1513      883      895     2820       67     2262     2927       88        0      315       94        0       18        0        2        1        0       21      126        1        1       32 
       0     6596   439710    36581     3261      246     1520     9420      815    14195     2635    14527  1703095    18418     2501    81951    85370    35363   924629    11358 27659390   305130      959    47668    18220    15447    23279     6195     5856    34879     1634       71      995      281        0     2835      735     1490       43      786     1618     7092       88      239     1013 
       0     1170    85162    13626     3016      160      433     7918      807     6375     3445    13686   631116     6573      820    15657    16653    13874   586155    13180   301576 26671440     5342   188041    92564   116695    49484    19227    20922   206314     2311      169     4275     1371        0     7326     7610      809       59      846     8700    12485       56       78     1532 
       0       92      592      149      394        0        0      585       64      336        0      271     5674     1186      396      560      364      892      275      265     1290     9871  3093271    17667      606     1262     7665       12     4097    35771        0        0      205      502        0        1        0        0        0        0      121     4705        0        0        0 
       0      132    16940     3894     3871       53      793     7270      627     3808     9328    10936   133297     2282      474     3491     8689     2416   195466     1087    42142   154809    83748 53240305   146962   423876    51716    28017    35879   751592     1557     1491     5022    12314        0     9920     2085      432        2      345     6004    10757        9       27      790 
       0      168    15786     4388     3491       61     1004     9923      796     5750     1619    15896    45904      749       15      979      808      494    62195     1076    11020    51076      670   109501 72069865   875488    50613    68555    46247  2297270      563     1337    10700    32062        0     1094    19868      323        6      137      415     5993        1       41      613 
       0       39    10992     2063     1604       18      315     2830      506     2440     1450     4074    28772      338       22      682      486      446    25775      962     8626    46674      396   316865   484990 31953984    13569    14385     7042   505886      375      276     4896    12357        0      612     3868      139        0       31      482     2594        2        2      264 
       0     1009     9710     5970     1781       84     1880     6483      417     6237      588     8201    87483     4482      536     1574     2662     3203   375631     3612    36029   138964     8468    52162    71983    14957 18796206   527611    66116   189198     6603    14024   107718     3144        0     6745   169151     2832        0      926      872     7399       28       41     3127 
       0       33     2496     2440      308      644       33     1815      345     2740      166     3306    10983        6       19      560      379      991    59960      782     5468    36078      846    42965   110747    13127   707958 15253995   211197   196194     2700    24415   155766     6110        1     1580   527319      464        7      949      336     7152        0      116     5786 
       0     1173     9227     1830      832      172      174     3835      282     7496      102     2265    21656     1911       56     1564     3869     8075     9313      772    10490    77625    16154    93074    18460     8062    85783    21030  8090519   203994      662     7873    24303    16214        0       80       30       72        2        1      159     3273        0        0      164 
       0      183    10657     4276     3074       74      789    10190     1299     4733      815     3965    48686     2106      206     5127    13347     4023   102068     1663    35538   175501    29557   482641   849486   636604   105274    59523    96161 28812959     1921     2989    23884    23040        0     5711    30869      501        2      150     2457     6142        1       37      346 
       0      104     1466      211        2      177      179      380       34      416       27     1489     1955      568       12       77      106       30     5007       35     1194     2667        0     2399      473       94     4671     2226      259     4320   731457      206     5520        0        0     1071      112     1127        6    11753    24841     2361      156      673     4269 
       0        3      345      288       29        0       16      964      111      202        0      110     1155        1        0       98       93      128     2152        4      201     3975        0     3381     2001     1091    28301    14142     6136     7609     1568  8932490   216292       50     3404      136      880        0        0     2459        0      463        0        7     3790 
       0      220     1586      812      195       43      219     3808      173     3351       57     1406     6115     3663       10       70     1491     1050    12934       87     4010    12431        3     4288     7673     3162   222392    54326    20616    46648     5352    35625 23324548      430        8      860     6439     5332        0     1707      152     6974        0      274     4008 
       0        0        0       22       18        0        0       63        0       66        0        0      229        0        0      266       10       80       45       33      238     2300      381     1865     1102     1679     2249     6469    30776    93255        0       27     2657     8051        0        0        0        0        0        0        0       11        0        0       12 
       0        0        0        0        0        0        0        0        0        0        0        0        0        0        0        0        0        0        0        0        0        0        0       15        0        0        1        0        0        0     2007    42259      501        0  1645107        0        0        0        0        0       86      921      413        0        0 
       0        0     1500      815       80      125        0      194      465       90       54      533    25290     1274      826      248      274        2    42384        0     2395    22589        1     8647     1263     1718     9425      654       22     6069      532        0     1047        0        0  1327699     4634     3873     2011       43    12777    10417      110       28       63 
       0        0      222      680       50       31      185      898       75      228       55      318    18197        0        0        9       54        0    20385        0     1266    13666        0     2014    17933     6806    44277    88677        0    59966       12      789    12080       13        0     2179  9639066     2799        0       80        5     3631        0        1     1627 
       0       35      368      109        5       37      140        1       31      150        0      155     1437      162       94        0        9        0     2093        2     1042      503        0       89       79       96      512      358      165      220     1255        0        0        0        0     1884      100   277115      406    10666       53      859     3536      369     1571 
       0        1      349       55        0       32       13       63        0       10        0        9       76        2       87        8        0        0      657        0      285       34        0        1        5        1      708        5        1       12       15        0        0        0        0       55        0    14664    59297       48        2        8      331        3        1 
       0       26      801      324       28      152       23       38       25      203       30      283     1335        0        0        0        0        0     2570        0      167      163        0      178      143       79      211      392        1       25     5440       97        4        0        0       61       91     6456        1  1084071        1       32      313     5432    32302 
       0       41     1372      355      104      361        1      109        1      116      168      104     5991      266       60      100       45        2     4671       10     1186     2400        1     4893      347      366      167       97       71     1716    16926       41       45        0        0      978      153      160        0      109  1260132     9571        0      481     2094 
       0       14      816      562       37      262       13     2813     1400      288      242      833     5865     1212      150       32       52        5    11286        2     1193     4128       70     4078     5981     2334     2022     2811      482     3565     3432      483     2958        1        0     8948     6198       76        1      322     1818 12485004     1162      181    28923 
       0        9        8        9        8       46        0        0        9        5        0        1      186        1        0        0        0        0       52        0       12       18        0        1       56        0        1        0        0        6      223        0        0        0        0      275        0     2266      997      699       40     2477   574700        0      195 
       0       17      313      200       12      231        0        5       16       35        5       66      875        2        1        0        0        0      865        1       54      112        0      144      102       60       52      445        3       71      312        0        0        0        0        8      305     1267        3    19452      427       75        0   239822    66127 
       0      173     2301      427      385     2819       62       36       26      462       13      428     1966        4        1        0        9        7    10253       12      467     1726        0     1428     2071      535     3924    11563      195     1995     5505      478      284        0        0       57     2743      638        2    79133       52     1727      152    13561 124834442 
